##  FICHIER DE SCENE 
# Point de Départ 
-8 0 
# Point d'Objectif 
5 0 
# Nombre d'obstacles 
4
# Polygone 
# Nombre de sommets
32
2.35355 1.35355 
2.21831 1.45333 
2.11196 1.49055 
2 1.50316 
1.88804 1.49055 
1.78169 1.45333 
1.68628 1.39339 
1.64645 1.35355 
0.646447 0.353553 
0.546665 0.218315 
0.509452 0.111964 
0.496836 1.72255e-16 
0.509452 -0.111964 
0.546665 -0.218315 
0.606611 -0.313717 
0.646447 -0.353553 
1.64645 -1.35355 
1.78169 -1.45333 
1.88804 -1.49055 
2 -1.50316 
2.11196 -1.49055 
2.21831 -1.45333 
2.31372 -1.39339 
2.35355 -1.35355 
3.35355 -0.353553 
3.45333 -0.218315 
3.49055 -0.111964 
3.50316 0 
3.49055 0.111964 
3.45333 0.218315 
3.39339 0.313717 
3.35355 0.353553 
# Polygone 
# Nombre de sommets
3
-1 0 
-2.5 0.866025 
-2.5 -0.866025 
# Polygone 
# Nombre de sommets
6
1 1 
0.5 1.86603 
-0.5 1.86603 
-1 1 
-0.5 0.133975 
0.5 0.133975 
# Polygone 
# Nombre de sommets
4
-5 0 
-6 -1 
-4 0 
-6 1 
##  LISTE DES SOMMETS SOLUTIONS 
# Nombre de sommets
6
-8 0 
-6 -1 
2 -1.50316 
2.11196 -1.49055 
2.21831 -1.45333 
5 0 
END