##  FICHIER DE SCENE 
# Point de Départ 
-5 0 
# Point d'Objectif 
0 5 
# Nombre d'obstacles 
3
# Polygone 
# Nombre de sommets
60
0 0 
0 0 
0 0 
0 0 
0 0 
0 0 
0 0 
0 0 
0 0 
0 0 
0 0 
0 0 
0 0 
0 0 
0 0 
0 0 
0 0 
0 0 
0 0 
0 0 
0 0 
0 0 
0 0 
0 0 
0 0 
0 0 
0 0 
0 0 
0 0 
0 0 
0 0 
0 0 
3.35355 0.353553 
2.35355 1.35355 
2 1.23502 
2 1.37858 
2 1.50316 
2 1.60251 
2 1.67165 
2 1.70711 
2 1.70711 
1.64645 1.35355 
0.646447 0.353553 
0.76498 7.51101e-17 
0.621416 8.89879e-17 
0.496836 1.16743e-16 
0.397487 6.12323e-17 
0.328351 1.16743e-16 
0.292893 1.16743e-16 
0.292893 1.16743e-16 
0.646447 -0.353553 
1.64645 -1.35355 
2.23502 -1 
2.37858 -1 
2.50316 -1 
2.60251 -1 
2.67165 -1 
2.70711 -1 
2.70711 -1 
2.35355 -1.35355 
# Polygone 
# Nombre de sommets
3
-1 0 
-2.5 0.866025 
-2.5 -0.866025 
# Polygone 
# Nombre de sommets
6
1 1 
0.5 1.86603 
-0.5 1.86603 
-1 1 
-0.5 0.133975 
0.5 0.133975 
END